ID,WorldStateID,WorldStateValue,AreaID,WMOAreaID,ZoneIntroMusicID,ZoneMusicID,SoundAmbienceID,SoundProviderPreferencesID,OrderBy
3,2019,1,159,0,62,14,36,84,0
4,2019,1,0,18154,182,13,43,0,0
5,2019,1,0,18153,401,232,0,0,0
101,843,0,3428,0,0,0,0,0,3
102,3202,0,3428,0,0,0,0,0,2
103,2465,0,3428,0,0,0,0,0,1
104,1946,0,3428,0,0,0,0,0,0
121,3426,0,4080,0,0,394,0,0,0
122,3426,1,4080,0,0,395,0,0,1
123,3426,2,4080,0,0,396,0,0,2
141,3426,0,0,40329,0,394,0,0,0
142,3426,1,0,40329,0,395,0,0,1
143,3426,2,0,40329,0,396,0,0,2
144,3426,0,0,40353,0,394,0,0,0
145,3426,1,0,40353,0,395,0,0,1
146,3426,2,0,40353,0,396,0,0,2
147,3426,0,0,43245,0,394,0,0,0
148,3426,1,0,43245,0,395,0,0,1
149,3426,2,0,43245,0,396,0,0,2
150,3426,0,0,40331,0,394,0,0,0
151,3426,1,0,40331,0,395,0,0,1
152,3426,2,0,40331,0,396,0,0,2
153,3426,0,0,43205,0,394,0,0,0
154,3426,1,0,43205,0,395,0,0,1
155,3426,2,0,43205,0,396,0,0,2
161,3427,1337,151,0,0,0,0,0,0
163,3427,5555,4019,0,0,0,0,0,0
181,3710,1,4197,0,0,445,463,84,0
201,4096,1,4273,0,0,527,0,0,3
203,4162,1,4273,0,0,529,0,0,0
221,4164,1,4273,0,0,530,0,0,2
242,4161,1,4273,0,0,528,0,0,1
261,4122,1,0,47321,0,531,0,0,0
281,4150,1,0,43600,0,533,0,0,0
282,4061,3,0,47478,0,534,0,0,0
345,4956,1,4820,0,0,548,0,0,0
346,4957,1,4820,0,0,547,0,0,1
347,4956,1,0,49438,0,548,0,0,1
348,4956,1,0,49439,0,548,0,0,0
349,4957,1,0,49438,0,547,0,0,0
350,4957,1,0,49437,0,547,0,0,0
351,4957,1,0,49441,0,547,0,0,0
358,5354,0,5348,0,0,0,622,0,0
389,7076,0,0,61968,0,0,1064,0,0
390,7076,1,0,61968,0,0,1065,0,1
392,7076,0,6298,0,0,0,1064,0,0
393,7076,1,6298,0,0,0,1065,0,1
406,9472,0,7378,0,0,1444,0,0,0
412,9134,0,0,66011,0,1524,0,0,0
415,8842,0,0,65969,0,1526,0,0,0
416,9391,0,0,68164,1139,0,0,0,0
417,10062,1,7086,0,1140,0,0,0,0
418,10062,2,7086,0,1141,0,0,0,1
419,10062,3,7086,0,1142,0,0,0,2
420,10062,4,7086,0,1143,0,0,0,3
421,10062,5,7086,0,1144,0,0,0,4
422,10062,6,7086,0,1145,0,0,0,5
423,10062,7,7086,0,1146,0,0,0,6
424,10062,8,7086,0,1147,0,0,0,7
425,10062,9,7086,0,1148,0,0,0,8
426,10062,10,7086,0,1149,0,0,0,9
427,10062,11,7086,0,1150,0,0,0,10
428,10062,12,7086,0,1151,0,0,0,11
429,10062,13,7086,0,1152,0,0,0,12
430,10062,14,7086,0,1153,0,0,0,13
431,10062,15,7086,0,1154,0,0,0,14
432,10062,16,7086,0,1155,0,0,0,15
433,10062,17,7086,0,1156,0,0,0,16
434,10062,18,7086,0,1157,0,0,0,17
435,10062,19,7086,0,1158,0,0,0,18
436,10062,20,7086,0,1159,0,0,0,19
437,10062,21,7086,0,1160,0,0,0,20
438,10062,22,7086,0,1161,0,0,0,21
439,10062,23,7086,0,1162,0,0,0,22
440,10062,24,7086,0,1163,0,0,0,23
441,10062,25,7086,0,1168,0,0,0,24
442,10062,26,7086,0,1164,0,0,0,25
443,10062,27,7086,0,1165,0,0,0,26
444,10062,28,7086,0,1166,0,0,0,27
445,10062,29,7086,0,1167,0,0,0,28
446,10062,30,7086,0,1169,0,0,0,29
447,10062,31,7086,0,1170,0,0,0,30
448,10062,32,7086,0,1124,0,0,0,31
449,10085,1,7103,0,1140,0,0,0,0
450,10085,2,7103,0,1141,0,0,0,1
451,10085,3,7103,0,1142,0,0,0,2
452,10085,4,7103,0,1143,0,0,0,3
453,10085,5,7103,0,1144,0,0,0,4
454,10085,6,7103,0,1145,0,0,0,5
455,10085,7,7103,0,1146,0,0,0,6
456,10085,8,7103,0,1147,0,0,0,7
457,10085,9,7103,0,1148,0,0,0,8
458,10085,10,7103,0,1149,0,0,0,9
459,10085,11,7103,0,1150,0,0,0,10
460,10085,12,7103,0,1151,0,0,0,11
461,10085,13,7103,0,1152,0,0,0,12
462,10085,14,7103,0,1153,0,0,0,13
463,10085,15,7103,0,1154,0,0,0,14
464,10085,16,7103,0,1155,0,0,0,15
465,10085,17,7103,0,1156,0,0,0,16
466,10085,18,7103,0,1157,0,0,0,17
467,10085,19,7103,0,1158,0,0,0,18
468,10085,20,7103,0,1159,0,0,0,19
469,10085,21,7103,0,1160,0,0,0,20
470,10085,22,7103,0,1161,0,0,0,21
471,10085,23,7103,0,1171,0,0,0,22
472,10085,24,7103,0,1172,0,0,0,23
473,10085,25,7103,0,1173,0,0,0,24
474,10085,26,7103,0,1174,0,0,0,25
475,10085,27,7103,0,1175,0,0,0,26
476,10085,28,7103,0,1176,0,0,0,27
477,10085,29,7103,0,1177,0,0,0,28
478,10085,30,7103,0,1178,0,0,0,29
479,10085,31,7103,0,1179,0,0,0,30
480,10085,32,7103,0,1123,0,0,0,31
482,12725,1,17,0,0,1704,0,0,0
484,12729,1,40,0,0,1704,0,0,0
486,12727,1,440,0,0,1704,0,0,0
488,12728,1,1,0,0,1704,0,0,0
490,12730,1,267,0,0,1704,0,0,0
492,12726,1,16,0,0,1704,0,0,0
494,841,1,5170,0,0,1781,0,0,0
495,841,1,0,15606,0,1783,0,0,0
496,841,1,0,15607,0,1783,0,0,0
497,841,1,0,15608,0,1783,0,0,0
498,841,1,1683,0,0,1782,0,0,0
501,13050,0,0,89743,0,0,1553,0,0
502,13050,2,0,89787,0,0,1553,0,0
503,13050,1,0,89798,0,0,1553,0,0
504,13050,6,0,12030,0,0,1553,0,0
505,13050,6,0,12013,0,0,1553,0,0
506,13050,6,0,12015,0,0,1553,0,0
509,13050,6,0,12014,0,0,1553,0,0
510,13050,3,0,89790,0,0,1553,0,0
511,13050,8,0,40025,0,0,1553,0,0
512,13050,6,0,89792,0,0,1553,0,0
513,13050,7,0,89795,0,0,1553,0,0
514,13050,5,0,61326,0,0,1553,0,0
517,13448,1,0,42317,0,1843,0,0,0
518,13448,2,0,42317,0,1844,0,0,1
519,13448,3,0,42317,0,1845,0,0,2
520,13448,1,8712,0,0,1843,0,0,0
521,13448,2,8712,0,0,1844,0,0,1
522,13448,3,8712,0,0,1845,0,0,2
523,13448,1,0,42291,0,1843,0,0,0
524,13448,2,0,42291,0,1844,0,0,1
525,13448,3,0,42291,0,1845,0,0,2
526,13448,1,0,92513,0,1843,0,0,0
527,13448,2,0,92513,0,1844,0,0,1
528,13448,3,0,92513,0,1845,0,0,2
530,14016,1,0,92192,0,1897,0,0,0
636,14489,6,8950,0,0,2038,0,0,5
637,14489,7,8950,0,0,2038,0,0,6
638,14489,8,8950,0,0,2038,0,0,7
644,14489,5,8950,0,1359,2037,0,0,4
645,14489,9,8950,0,0,2037,0,0,8
646,14489,10,8950,0,0,2037,0,0,9
647,14489,11,8950,0,0,2038,0,0,10
648,14489,12,8950,0,0,2037,0,0,11
649,14489,13,8950,0,0,2037,0,0,12
651,14560,1,0,96637,0,2042,0,0,3
652,16081,1,9469,0,0,2061,0,0,0
653,16081,2,9469,0,0,2039,0,0,1
654,16081,3,9469,0,1361,0,0,0,2
655,16081,4,9469,0,0,2044,0,0,3
656,16081,5,9469,0,0,2150,0,0,4
657,16081,1,9496,0,0,2061,0,0,0
658,16081,2,9496,0,0,2039,0,0,1
659,16081,3,9496,0,1361,0,0,0,2
660,16081,4,9496,0,0,2044,0,0,3
661,16081,5,9496,0,0,2150,0,0,4
662,16081,1,9466,0,0,2061,0,0,0
663,16081,2,9466,0,0,2039,0,0,1
664,16081,3,9466,0,1361,0,0,0,2
665,16081,4,9466,0,0,2044,0,0,3
666,16081,5,9466,0,0,2150,0,0,4
668,15638,1,8950,0,1368,2073,0,0,13
669,15638,2,8950,0,0,2072,0,0,14
670,15638,3,8950,0,0,2072,0,0,15
671,15638,4,8950,0,0,2072,0,0,16
672,15638,5,8950,0,0,2072,0,0,17
673,15638,6,8950,0,0,2073,0,0,18
674,15638,7,8950,0,0,2073,0,0,19
675,15638,8,8950,0,0,2073,0,0,20
676,15638,9,8950,0,0,2073,0,0,21
677,15638,10,8950,0,0,2072,0,0,22
678,15638,11,8950,0,0,2073,0,0,23
679,15638,12,8950,0,1370,2073,0,0,24
680,15638,13,8950,0,0,2073,0,0,25
681,15638,14,8950,0,0,2073,0,0,26
683,14489,1,8950,0,1358,2036,0,0,0
684,14489,2,8950,0,0,2036,0,0,1
685,14489,3,8950,0,0,2036,0,0,2
686,14489,4,8950,0,0,2036,0,0,3
688,16071,1,415,0,1391,2047,0,0,0
689,16071,1,2077,0,0,2047,0,0,0
690,16071,1,449,0,0,2047,0,0,0
691,16071,1,448,0,0,2047,0,0,0
692,16071,1,455,0,0,2047,0,0,0
693,16071,1,2078,0,0,2047,0,0,0
694,16071,1,450,0,0,2047,0,0,0
695,16071,1,5312,0,1392,2047,0,0,0
696,16071,1,454,0,0,2047,0,0,0
705,14274,1,9679,0,0,2105,0,0,0
706,14410,2,9439,0,0,2112,0,0,0
708,16071,1,420,0,0,2047,0,0,0
709,16071,1,2897,0,0,2047,0,0,0
710,14559,0,0,96637,1395,0,0,0,0
711,16085,1,0,96637,0,2041,0,0,2
712,16085,0,0,96637,0,2040,0,0,1
713,16081,1,9440,0,0,2151,0,0,0
714,16081,2,9440,0,0,2048,0,0,1
715,16081,3,9440,0,1431,0,0,0,2
716,16081,4,9440,0,0,2149,0,0,3
717,16081,5,9440,0,0,2150,0,0,4
718,16081,1,9497,0,0,2153,0,0,0
719,16081,2,9497,0,0,2152,0,0,1
720,16081,3,9497,0,1432,0,0,0,2
721,16081,4,9497,0,0,2154,0,0,3
722,16081,5,9497,0,0,2155,0,0,4
723,16081,1,9576,0,0,2153,0,0,0
724,16081,2,9576,0,0,2152,0,0,1
725,16081,3,9576,0,1432,0,0,0,2
726,16081,4,9576,0,0,2154,0,0,3
727,16081,5,9576,0,0,2155,0,0,4
728,16081,1,9591,0,0,2153,0,0,0
729,16081,2,9591,0,0,2152,0,0,1
730,16081,3,9591,0,1432,0,0,0,2
731,16081,4,9591,0,0,2154,0,0,3
732,16081,5,9591,0,0,2155,0,0,4
733,14433,1,9726,0,0,2158,0,0,0
735,14434,1,9722,0,0,2158,0,0,0
736,14436,1,9725,0,0,2158,0,0,0
737,14438,1,9723,0,0,2158,0,0,0
738,16081,1,0,92546,0,2061,0,0,0
739,16081,2,0,92546,0,2039,0,0,1
740,16081,3,0,92546,1361,0,0,0,2
741,16081,4,0,92546,0,2044,0,0,3
742,16081,5,0,92546,0,2150,0,0,4
743,16081,1,0,99476,0,2061,0,0,0
744,16081,2,0,99476,0,2039,0,0,1
745,16081,3,0,99476,1361,0,0,0,2
746,16081,4,0,99476,0,2044,0,0,3
747,16081,5,0,99476,0,2150,0,0,4
748,16081,1,0,57630,0,2061,0,0,0
749,16081,2,0,57630,0,2039,0,0,1
750,16081,3,0,57630,1361,0,0,0,2
751,16081,4,0,57630,0,2044,0,0,3
752,16081,5,0,57630,0,2150,0,0,4
753,16081,1,0,57632,0,2061,0,0,0
754,16081,2,0,57632,0,2039,0,0,1
755,16081,3,0,57632,1361,0,0,0,2
756,16081,4,0,57632,0,2044,0,0,3
757,16081,5,0,57632,0,2150,0,0,4
758,16081,1,0,57620,0,2061,0,0,0
759,16081,2,0,57620,0,2039,0,0,1
760,16081,3,0,57620,1361,0,0,0,2
761,16081,4,0,57620,0,2044,0,0,3
762,16081,5,0,57620,0,2150,0,0,4
763,16081,1,0,96657,0,2061,0,0,0
764,16081,2,0,96657,0,2039,0,0,1
765,16081,3,0,96657,1361,2039,0,0,2
766,16081,4,0,96657,0,2044,0,0,3
767,16081,5,0,96657,0,2150,0,0,4
768,16081,1,0,92864,0,2151,0,0,0
769,16081,2,0,92864,0,2048,0,0,1
770,16081,3,0,92864,1431,0,0,0,2
771,16081,4,0,92864,0,2149,0,0,3
772,16081,5,0,92864,0,2150,0,0,4
773,16081,1,0,93279,0,2151,0,0,0
774,16081,2,0,93279,0,2048,0,0,1
775,16081,3,0,93279,1431,0,0,0,2
776,16081,4,0,93279,0,2149,0,0,3
777,16081,5,0,93279,0,2150,0,0,4
778,16081,1,0,92789,0,2153,0,0,0
779,16081,2,0,92789,0,2152,0,0,1
780,16081,3,0,92789,1432,0,0,0,2
781,16081,4,0,92789,0,2154,0,0,3
782,16081,5,0,92789,0,2155,0,0,4
783,16081,1,0,92939,0,2153,0,0,0
784,16081,2,0,92939,0,2152,0,0,1
785,16081,3,0,92939,1432,0,0,0,2
786,16081,4,0,92939,0,2154,0,0,3
787,16081,5,0,92939,0,2155,0,0,4
788,16081,1,0,94138,0,2153,0,0,0
789,16081,2,0,94138,0,2152,0,0,1
790,16081,3,0,94138,1432,0,0,0,2
791,16081,4,0,94138,0,2154,0,0,3
792,16081,5,0,94138,0,2155,0,0,4
793,16081,1,0,78027,0,2153,0,0,0
794,16081,2,0,78027,0,2152,0,0,1
795,16081,3,0,78027,1432,0,0,0,2
796,16081,4,0,78027,0,2154,0,0,3
797,16081,5,0,78027,0,2155,0,0,4
798,16081,1,0,85125,0,2153,0,0,0
799,16081,2,0,85125,0,2152,0,0,1
800,16081,3,0,85125,1432,0,0,0,2
801,16081,4,0,85125,0,2154,0,0,3
802,16081,5,0,85125,0,2155,0,0,4
803,14548,1,0,96621,0,2181,0,0,0
804,14556,1,0,96621,0,2181,0,0,1
805,16252,1,0,96622,0,2184,0,0,0
808,16640,2,10368,0,0,0,1903,0,0
814,4485,1,10371,0,0,2210,1901,0,0
816,16321,1,10058,0,0,2194,0,0,0
818,16321,2,10084,0,0,2196,0,0,0
819,16081,1,9548,0,0,2201,0,0,0
820,16081,2,9548,0,0,2202,0,0,1
821,16081,3,9548,0,1449,0,0,0,2
822,16081,4,9548,0,0,2203,0,0,3
823,16081,5,9548,0,0,0,0,0,4
824,16081,1,9616,0,0,2204,0,0,0
825,16081,2,9616,0,0,2205,0,0,1
826,16081,3,9616,0,1450,0,0,0,2
827,16081,4,9616,0,0,2206,0,0,3
828,16081,5,9616,0,0,0,0,0,4
834,16279,1,10371,0,0,2209,0,0,1
835,16282,1,10371,0,0,2212,0,0,2
837,16280,1,10370,0,1454,2207,0,0,0
839,16432,1,10383,0,0,2213,0,0,0
840,16432,1,0,99196,0,2213,0,0,0
843,16476,1,0,99201,0,2215,0,0,0
858,16577,1,0,99201,1458,2210,0,0,2
860,4485,1,0,99201,1458,2210,0,0,1
866,16280,1,10375,0,0,2221,0,0,0
867,16282,1,10374,0,0,2222,0,0,0
868,16279,1,10373,0,0,2223,0,0,1
869,4486,1,10375,0,0,2216,0,0,1
870,16556,1,10375,0,0,2219,0,0,2
873,4486,1,10374,0,0,2216,0,0,1
876,16328,1,10373,0,0,2217,0,0,0
877,4486,1,10373,0,0,2216,0,0,2
880,16577,1,10371,0,1458,2210,0,0,3
881,16577,1,10383,0,1458,0,0,0,1
885,16309,1,0,99199,0,2214,0,0,0
886,16309,1,10385,0,0,2214,0,0,0
887,16577,1,0,101564,0,2210,0,0,0
888,4485,1,0,101564,0,2210,0,0,1
889,4485,1,0,101562,0,2210,0,0,0
890,16577,1,0,101562,0,2210,0,0,1
891,16577,1,0,101565,0,2210,0,0,0
892,4485,1,0,101565,0,2210,0,0,1
893,4485,1,0,101563,0,2210,0,0,0
894,16577,1,0,101563,0,2210,0,0,1
895,16577,1,0,101697,0,2210,0,0,0
896,4485,1,0,101697,0,2210,0,0,1
897,4485,1,0,99187,0,2210,0,0,0
898,4485,1,0,101686,0,2210,0,0,0
899,4485,1,0,99202,0,2210,0,0,0
900,4485,1,0,101685,0,2210,0,0,0
901,16475,1,10371,0,0,2216,0,0,4
904,16577,1,10373,0,0,2216,0,0,3
905,4485,1,10373,0,0,0,1901,0,4
906,16577,1,10374,0,0,2216,0,0,2
907,4485,1,10374,0,0,0,1901,0,3
908,16577,1,10375,0,0,2216,0,0,3
909,4485,1,10375,0,1457,0,1901,0,4
910,4485,1,0,101708,1459,0,0,0,0
911,4485,1,0,101351,1459,0,0,0,0
912,4485,1,0,101067,1459,0,0,0,0
913,4485,1,0,100996,1459,0,0,0,0
914,4485,1,0,100322,1459,0,0,0,0
915,4485,1,0,100585,1459,0,0,0,0
916,4485,1,0,100997,1459,0,0,0,0
917,4485,1,0,100584,1459,0,0,0,0
918,4485,1,0,100583,1459,0,0,0,0
919,4485,1,0,101353,1459,0,0,0,0
920,4485,1,0,101352,1459,0,0,0,0
921,4485,1,0,100994,1459,0,0,0,0
922,4485,1,0,100991,1459,0,0,0,0
923,4485,1,0,100581,1459,0,0,0,0
924,4485,1,0,100323,1459,0,0,0,0
925,4485,1,0,100321,1459,0,0,0,0
926,4485,1,0,99364,1459,0,0,0,0
927,4485,1,0,101354,1459,0,0,0,0
928,4485,1,0,100989,1459,0,0,0,0
929,4485,1,0,100319,1459,0,0,0,0
930,4485,1,0,100305,1459,0,0,0,0
931,4485,1,0,101355,1459,0,0,0,0
932,4485,1,0,99199,1459,0,0,0,1
933,4485,1,0,100444,1459,0,0,0,0
934,4485,1,0,100988,1459,0,0,0,0
935,4485,1,0,100445,1459,0,0,0,0
936,4485,1,0,99196,1459,0,0,0,1
937,16577,1,0,101351,1458,0,0,0,1
938,16577,1,0,101067,1458,0,0,0,1
939,16577,1,0,101708,1458,0,0,0,1
940,16577,1,0,100996,1458,0,0,0,1
941,16577,1,0,100322,1458,0,0,0,1
942,16577,1,0,100585,1458,0,0,0,1
943,16577,1,0,100997,1458,0,0,0,1
944,16577,1,0,100584,1458,0,0,0,1
945,16577,1,0,100583,1458,0,0,0,1
946,16577,1,0,101353,1458,0,0,0,1
947,16577,1,0,101352,1458,0,0,0,1
948,16577,1,0,100994,1458,0,0,0,1
949,16577,1,0,100991,1458,0,0,0,1
950,16577,1,0,100581,1458,0,0,0,1
951,16577,1,0,100323,1458,0,0,0,1
952,16577,1,0,100321,1458,0,0,0,1
953,16577,1,0,99364,1458,0,0,0,1
954,16577,1,0,101354,1458,0,0,0,1
955,16577,1,0,100989,1458,0,0,0,1
956,16577,1,0,100319,1458,0,0,0,1
957,16577,1,0,100305,1458,0,0,0,1
958,16577,1,0,101355,1458,0,0,0,1
959,16577,1,0,99199,1458,0,0,0,2
960,16577,1,0,100444,1458,0,0,0,1
961,16577,1,0,100988,1458,0,0,0,1
962,16577,1,0,100445,1458,0,0,0,1
963,16577,1,0,99196,1458,0,0,0,2
965,16556,1,0,101980,0,2219,0,0,0
969,3710,1,10176,0,0,2277,0,0,0
970,16081,1,10222,0,0,2282,0,0,0
971,16081,2,10222,0,0,2281,0,0,1
972,16081,3,10222,0,1487,0,0,0,2
973,16081,4,10222,0,0,2283,0,0,3
974,16081,1,9540,0,0,2286,0,0,0
975,16081,2,9540,0,0,2284,0,0,1
976,16081,3,9540,0,1488,0,0,0,2
977,16081,4,9540,0,0,2284,0,0,3
978,16081,5,9540,0,0,0,0,0,4
983,17146,1,11388,0,0,2311,0,0,0
985,17679,1,11387,0,0,2295,0,0,0
986,16218,1,0,99438,0,2312,0,0,0
987,16218,1,10497,0,0,2297,0,0,0
988,16220,1,0,99438,0,2312,0,0,1
989,16222,1,0,99438,0,2297,0,0,2
990,16224,1,0,99438,1505,2297,0,0,3
992,17304,1,0,105400,0,2308,0,0,0
993,17304,1,0,105401,0,2308,0,0,0
994,17304,1,0,105399,0,2308,0,0,0
995,17304,1,0,105398,0,2308,0,0,0
996,17304,1,0,105402,0,2308,0,0,0
997,17164,1,11389,0,0,2295,0,0,0
998,17164,1,10225,0,0,2295,0,0,0
999,17304,1,0,101935,0,2308,0,0,0
1000,17160,1,11390,0,0,2295,0,0,0
1001,17160,1,10225,0,0,2295,0,0,1
1003,16220,1,0,102834,0,2312,0,0,0
1004,16220,1,0,102710,0,2312,0,0,0
1005,16220,1,0,102679,0,2312,0,0,0
1006,16220,1,0,100586,0,2312,0,0,0
1007,16220,1,0,102689,0,2312,0,0,0
1008,16220,1,0,102680,0,2312,0,0,0
1009,16220,1,0,102696,0,2312,0,0,0
1010,16220,1,0,102694,0,2312,0,0,0
1011,16220,1,0,102695,0,2312,0,0,0
1012,16220,1,0,102686,0,2312,0,0,0
1013,16220,1,0,102698,0,2312,0,0,0
1014,16220,1,0,102705,0,2312,0,0,0
1015,16220,1,0,102700,0,2312,0,0,0
1016,16220,1,0,102706,0,2312,0,0,0
1017,16220,1,0,102708,0,2312,0,0,0
1018,16220,1,0,105090,0,2312,0,0,0
1019,16220,1,0,102676,0,2312,0,0,0
1020,16220,1,0,102697,0,2312,0,0,0
1021,16220,1,0,102662,0,2312,0,0,0
1022,16220,1,0,102664,0,2312,0,0,0
1023,16220,1,0,102690,0,2312,0,0,0
1024,16220,1,0,102682,0,2312,0,0,0
1025,16220,1,0,102815,0,2312,0,0,0
1026,16220,1,0,102681,0,2312,0,0,0
1027,16220,1,0,102678,0,2312,0,0,0
1028,16220,1,0,102683,0,2312,0,0,0
1030,16220,1,0,104359,0,2312,0,0,0
1031,16220,1,0,102675,0,2312,0,0,0
1032,16220,1,0,102674,0,2312,0,0,0
1033,16220,1,0,102817,0,2312,0,0,0
1034,16220,1,0,102672,0,2312,0,0,0
1035,16220,1,0,104360,0,2312,0,0,0
1036,16220,1,0,102667,0,2312,0,0,0
1037,16220,1,0,102668,0,2312,0,0,0
1038,16220,1,0,102666,0,2312,0,0,1
1039,16220,1,0,102670,0,2312,0,0,0
1040,16220,1,0,102671,0,2312,0,0,0
1045,16222,1,0,101349,0,2297,0,0,0
1046,16222,1,0,102219,0,2297,0,0,0
1048,17143,1,0,103395,0,2308,0,0,0
1049,17143,1,0,104305,0,2308,0,0,0
1050,17370,1,0,101781,0,2308,0,0,0
1052,16217,1,0,101959,1503,0,0,0,0
1054,16217,1,0,101962,1503,0,0,0,0
1055,16217,1,0,101966,1503,0,0,0,0
1056,16217,1,0,102666,1503,0,0,0,0
1057,16217,1,0,105394,1503,0,0,0,0
1059,17400,1,0,101782,0,2308,0,0,0
1061,17341,1,0,105604,0,2309,0,0,0
1062,17450,1,0,101779,0,2309,0,0,0
1063,17181,1,0,101780,0,2309,0,0,0
1065,17965,4,0,104423,1508,2320,0,0,3
1066,17965,5,0,104423,1509,2320,0,0,4
1067,17965,6,0,104423,1509,2320,0,0,5
1071,17965,3,0,104423,0,2319,0,0,2
1072,17965,2,0,104423,0,2319,0,0,1
1073,17965,1,0,104423,1506,2319,0,0,0
1077,17965,7,0,104423,1507,2322,0,0,6
1080,16223,1,0,101830,1497,0,0,0,0
1081,14741,1,0,33367,0,2324,0,0,0
1082,18063,1,0,105238,0,2336,0,0,0
1083,18064,1,0,105238,0,2333,0,0,1
1084,18066,1,0,105235,0,2335,2224,0,0
1085,18233,1,10833,0,0,2338,0,0,0
1086,17742,1,10833,0,0,2339,0,0,1
1087,17742,2,10833,0,0,2340,0,0,2
1088,17742,2,0,105482,0,2340,0,0,0
1089,17742,2,0,48048,0,2341,0,0,0
1090,18097,1,9105,0,0,2343,0,0,0
1091,17995,1,9105,0,0,2342,0,0,1
1092,17995,2,9105,0,0,2344,0,0,2
1094,18097,1,0,56618,0,2345,0,0,0
1095,18097,1,0,106191,0,2343,0,0,0
1096,17995,1,0,106191,0,2342,0,0,1
1097,17995,2,0,106191,0,2344,0,0,2
1098,18097,1,0,106193,0,2343,0,0,0
1099,17995,1,0,106193,0,2342,0,0,1
1100,17995,2,0,106193,0,2344,0,0,2
1101,18097,1,0,106212,0,2343,0,0,0
1102,17995,1,0,106212,0,2342,0,0,1
1103,17995,2,0,106212,0,2344,0,0,2
1104,18097,1,0,106210,0,2343,0,0,0
1105,17995,1,0,106210,0,2342,0,0,1
1106,17995,2,0,106210,0,2344,0,0,2
1107,18097,1,0,106211,0,2343,0,0,0
1108,17995,1,0,106211,0,2342,0,0,1
1109,17995,2,0,106211,0,2344,0,0,2
1110,18097,1,11079,0,0,2343,0,0,0
1111,17995,1,11079,0,0,2342,0,0,1
1112,17995,2,11079,0,0,2344,0,0,2
1113,18097,1,0,108627,0,2343,0,0,0
1114,17995,1,0,108627,0,2342,0,0,1
1115,17995,2,0,108627,0,2344,0,0,2
1116,18097,1,0,106842,0,2343,0,0,0
1117,17995,1,0,106842,0,2342,0,0,1
1118,17995,2,0,106842,0,2344,0,0,2
1119,18097,1,0,108647,0,2343,0,0,0
1120,17995,1,0,108647,0,2342,0,0,1
1121,17995,2,0,108647,0,2344,0,0,2
1122,18097,1,0,108645,0,2343,0,0,0
1123,17995,1,0,108645,0,2342,0,0,1
1124,17995,2,0,108645,0,2344,0,0,2
1125,18097,1,0,108642,0,2343,0,0,0
1126,17995,1,0,108642,0,2342,0,0,1
1127,17995,2,0,108642,0,2344,0,0,2
1128,18097,1,0,108630,0,2343,0,0,0
1129,17995,1,0,108630,0,2342,0,0,1
1130,17995,2,0,108630,0,2344,0,0,2
1131,18097,1,0,108629,0,2343,0,0,0
1132,17995,1,0,108629,0,2342,0,0,1
1133,17995,2,0,108629,0,2344,0,0,2
1134,18097,1,11110,0,0,2343,0,0,0
1135,17995,1,11110,0,0,2342,0,0,1
1136,17995,2,11110,0,0,2344,0,0,2
1137,18097,1,0,106168,0,2343,0,0,0
1138,17995,1,0,106168,0,2342,0,0,1
1139,17995,2,0,106168,0,2344,0,0,2
1140,18097,1,0,106179,0,2343,0,0,0
1141,17995,1,0,106179,0,2342,0,0,1
1142,17995,2,0,106179,0,2344,0,0,2
1143,18097,1,0,106190,0,2343,0,0,0
1144,17995,1,0,106190,0,2342,0,0,1
1145,17995,2,0,106190,0,2344,0,0,2
1146,18097,1,0,106189,0,2343,0,0,0
1147,17995,1,0,106189,0,2342,0,0,1
1148,17995,2,0,106189,0,2344,0,0,2
1149,18097,1,0,106188,0,2343,0,0,0
1150,17995,1,0,106188,0,2342,0,0,1
1151,17995,2,0,106188,0,2344,0,0,2
1152,18097,1,0,102029,0,2343,0,0,0
1153,17995,1,0,102029,0,2342,0,0,1
1154,17995,2,0,102029,0,2344,0,0,2
1155,18097,1,0,58256,0,2343,0,0,0
1156,17995,1,0,58256,0,2342,0,0,1
1157,17995,2,0,58256,0,2342,0,0,2
1158,18097,1,11080,0,0,2343,0,0,0
1159,17995,1,11080,0,0,2342,0,0,1
1160,17995,2,11080,0,0,2344,0,0,2
1161,18097,1,0,104401,0,2345,0,0,0
1162,17995,1,0,104401,0,2345,0,0,1
1163,17995,2,0,104401,0,2345,0,0,2
1164,18053,1,0,103246,1530,2356,0,0,0
1165,18367,1,0,106080,1531,2355,0,0,0
1166,18052,1,0,105949,1530,2356,0,0,0
1167,18119,1,0,104284,0,2368,0,0,0
1168,18070,1,0,104225,0,2367,0,0,0
1169,18082,1,0,107553,0,2371,0,0,0
1173,18118,1,0,104201,0,2369,0,0,0
1174,18086,1,0,105189,0,2367,0,0,0
1175,18074,1,0,104198,0,2368,0,0,0
1176,18131,1,0,105187,0,2369,0,0,0
1177,18122,1,0,106563,0,2367,0,0,0
1178,18180,1,0,106812,0,2368,0,0,0
1179,18223,1,0,106719,0,2369,0,0,0
1180,18718,2,0,107378,0,2374,0,0,0
1181,18718,3,0,107378,0,2375,0,0,1
1182,19563,1,1519,0,0,0,0,0,0
1184,19563,1,5169,0,0,0,0,0,0
1185,19563,1,5332,0,0,0,0,0,0
1186,19563,1,5171,0,0,0,0,0,0
1187,19563,1,5168,0,0,0,0,0,0
1188,19563,1,5167,0,0,0,0,0,0
1189,19563,1,1637,0,0,0,0,0,0
1190,19563,1,5166,0,0,0,0,0,0
1191,19035,1,210,0,0,2392,0,0,0
1192,19035,2,210,0,0,2392,0,0,1
1193,19035,3,210,0,0,2392,0,0,2
1194,19035,1,4658,0,0,2393,0,0,0
1195,19035,2,4658,0,0,2393,0,0,1
1196,19035,3,4658,0,0,2393,0,0,2
1200,19035,1,4670,0,0,2393,0,0,0
1201,19035,2,4670,0,0,2393,0,0,1
1202,19035,3,4670,0,0,2393,0,0,2
1203,19035,1,4671,0,0,2393,0,0,0
1204,19035,2,4671,0,0,2393,0,0,1
1205,19035,3,4671,0,0,2393,0,0,2
1206,19035,1,4672,0,0,2393,0,0,0
1207,19035,2,4672,0,0,2393,0,0,1
1208,19035,3,4672,0,0,2393,0,0,2
1209,19035,1,4669,0,0,2393,0,0,0
1210,19035,2,4669,0,0,2393,0,0,1
1211,19035,3,4669,0,0,2393,0,0,2
1212,19035,1,4673,0,0,2393,0,0,0
1213,19035,2,4673,0,0,2393,0,0,1
1214,19035,3,4673,0,0,2393,0,0,2
1215,19035,1,0,47469,0,2393,0,0,0
1216,19035,2,0,47469,0,2393,0,0,1
1217,19035,3,0,47469,0,2393,0,0,2
1218,19035,2,0,111620,0,2394,0,0,0
1219,19035,2,0,46314,0,2394,0,0,0
1220,19035,1,0,47456,0,2393,0,0,0
1221,19035,2,0,47456,0,2393,0,0,1
1222,19035,3,0,47456,0,2393,0,0,2
1223,19035,1,0,47452,0,2393,0,0,0
1224,19035,2,0,47452,0,2393,0,0,1
1225,19035,3,0,47452,0,2393,0,0,2
1226,19436,1,13329,0,0,0,2354,0,0
1227,19436,2,13329,0,0,0,2358,0,1
1228,19436,3,13329,0,0,0,2359,0,2
1229,19436,4,13329,0,0,0,2360,0,3
1230,20319,1,0,108358,0,2466,0,0,0
1231,20319,2,0,108358,0,2467,0,0,1
1232,20319,3,0,108358,0,2468,0,0,2
1233,20319,4,0,108358,0,2469,0,0,3
1234,18803,1,12841,0,0,2475,0,0,0
1236,18655,1,0,107664,0,2475,0,0,0
1237,18653,1,0,109332,0,2475,0,0,0
1238,18657,1,0,108490,0,2475,0,0,0
1239,19057,1,12841,0,0,2475,0,0,1
1241,18789,1,12916,0,1547,0,0,0,1
1242,18790,1,12916,0,1548,0,0,0,0
1244,18789,1,0,109045,1547,0,0,0,0
1245,18790,1,0,109044,1548,0,0,0,0
1246,18808,1,13334,0,1554,0,0,0,0
1248,18805,1,13430,0,1553,2485,0,0,0
1249,18805,1,13429,0,0,2485,0,0,0
1250,18808,1,13431,0,1554,0,0,0,0
1251,18816,1,0,107848,0,2493,0,0,0
1252,18817,1,0,107848,1557,0,0,0,1
1255,18813,1,0,110002,0,2492,0,0,0
1256,18814,1,0,109982,0,2488,0,0,0
1257,18824,1,0,108867,1555,0,0,0,0
1258,18824,1,0,109286,1555,0,0,0,0
1259,18824,1,0,110001,1555,0,0,0,0
1260,18824,1,13364,0,1555,0,0,0,0
1261,18825,1,13364,0,0,2490,0,0,1
1262,18626,1,0,110745,0,2496,0,0,0
1264,18626,1,0,110622,0,2496,0,0,0
1268,20319,4,0,111325,0,2469,0,0,0
1269,20319,1,0,109966,0,2466,0,0,0
1270,20319,2,0,109966,0,2467,0,0,1
1271,20319,3,0,109966,0,2468,0,0,2
1272,20319,4,0,109966,0,2469,0,0,3
1273,20349,1,0,109153,1565,2505,0,0,4
1274,20349,2,0,109153,0,2508,0,0,3
1276,20349,4,0,109153,0,2513,0,0,1
1277,20349,5,0,109153,0,2510,0,0,0
1278,20349,3,0,109726,1567,0,0,0,0
1279,20349,3,0,109153,0,2509,0,0,2
1281,20241,1,0,113961,0,2546,0,0,0
1282,20361,1,0,114162,1577,2546,0,0,0
1283,20450,1,0,113341,0,2546,0,0,0
1284,20452,1,0,113052,0,2547,0,0,0
1285,20440,1,0,113303,0,2547,0,0,0
1286,20365,1,0,113266,0,2547,0,0,0
1287,20346,1,0,113352,0,2548,0,0,0
1288,20346,1,0,112974,0,2548,0,0,0
1289,20346,1,0,112852,1581,2549,0,0,0
1290,20347,1,0,112852,1580,0,0,0,1
1291,20346,1,0,113156,1581,2549,0,0,0
1292,20347,1,0,113156,1580,0,0,0,1
1293,20346,1,0,113162,1581,2549,0,0,0
1294,20347,1,0,113162,1580,0,0,0,1
1295,20346,1,0,113160,1581,2549,0,0,0
1296,20347,1,0,113160,1580,0,0,0,1
1297,20346,1,0,113158,1581,2549,0,0,0
1298,20347,1,0,113158,1580,0,0,0,1
1299,20346,1,0,113353,0,2548,0,0,0
1300,20346,1,0,112853,1581,2549,0,0,0
1301,20347,1,0,112853,1580,0,0,0,1
1302,20346,1,0,113157,1581,2549,0,0,0
1303,20347,1,0,113157,1580,0,0,0,1
1304,20346,1,0,113163,1581,2549,0,0,0
1305,20347,1,0,113163,1580,0,0,0,1
1306,20346,1,0,113161,1581,2549,0,0,0
1307,20347,1,0,113161,1580,0,0,0,1
1308,20346,1,0,113159,1581,2549,0,0,0
1309,20347,1,0,113159,1580,0,0,0,1
1311,20363,1,0,112541,0,2557,0,0,0
1312,20277,1,0,114276,1587,0,0,0,0
1313,20277,1,0,114275,1587,0,0,0,0
1314,20277,1,0,114277,1587,0,0,0,0
1315,20277,1,0,114278,1587,0,0,0,0
1316,20539,1,0,114099,1587,0,0,0,0
1317,20539,1,0,113355,1587,0,0,0,0
1318,20539,1,0,113225,1587,0,0,0,0
1319,20539,1,0,114302,1587,0,0,0,0
1320,20539,1,0,114303,1587,0,0,0,0
1321,20353,1,0,114671,0,2565,0,0,0
1322,20353,1,0,114205,0,2565,0,0,0
1323,20353,1,0,114204,0,2565,0,0,0
1324,20353,1,0,114203,0,2565,0,0,0
1325,20353,1,0,114096,0,2565,0,0,0
1326,20538,1,0,113355,0,2556,0,0,1
1327,20538,1,0,114302,0,2556,0,0,1
1328,20538,1,0,114303,0,2556,0,0,1
1329,20538,1,0,114099,0,2556,0,0,1
1330,20538,1,0,113225,0,2556,0,0,1
1331,20269,1,13697,0,0,2547,0,0,0
1332,20456,1,0,113802,1589,0,0,0,0
1333,20456,1,0,113774,1589,0,0,0,0
1334,20619,1,0,113050,0,2570,0,0,0
1336,20232,1,0,113050,0,2567,0,0,1
1337,21555,8,0,108995,0,2591,0,0,0
1338,21150,1,0,114229,0,2614,0,0,0
1339,21150,1,0,114231,0,2614,0,0,0
1340,21212,1,0,114854,0,2613,0,0,0
1341,21224,1,0,114373,0,2621,0,0,0
1342,21181,1,0,115266,0,2612,0,0,0
1344,21217,1,13961,0,0,2604,0,0,0
1345,21228,1,13961,0,0,2603,0,0,1
1346,21337,1,13963,0,0,2602,0,0,0
1347,21217,1,13962,0,0,2604,0,0,0
1348,21320,1,13964,0,0,2603,0,0,0
1349,21320,2,13964,0,0,2622,0,0,1
1350,21320,3,13964,0,0,2623,0,0,2
1351,21229,1,13964,0,1597,0,0,0,3
1352,21243,1,0,114251,0,2595,0,0,0
1353,21242,1,0,114251,0,2617,0,0,3
1354,21433,1,0,114251,1598,2595,0,0,1
1355,21242,1,13965,0,0,2617,0,0,0
1356,21267,1,0,114868,0,2600,0,0,0
1357,21219,1,0,114866,0,2600,0,0,0
1359,21176,1,0,114881,0,2610,0,0,4
1360,21224,1,0,115981,0,2621,0,0,0
1361,21433,2,0,114251,1599,2595,0,0,2
1363,21315,3,0,114881,0,2609,0,0,2
1364,21315,1,0,114881,0,2607,0,0,0
1365,21315,2,0,114881,0,2608,0,0,1
1366,21315,4,0,114881,0,2609,0,0,3
1367,21275,1,13757,0,0,2626,0,0,0
1368,21275,1,13758,0,0,2626,0,0,0
1369,21993,1,0,116654,1606,0,0,0,0
1370,21993,2,0,116654,1606,0,0,0,1
1371,21993,3,0,116654,1606,0,0,0,2
1374,22435,1,13837,0,0,2700,0,0,0
1375,21635,1,14443,0,1609,0,0,0,0
1376,21639,1,0,114782,1609,0,0,0,0
1377,22500,1,0,117083,0,2710,0,0,0
1378,21896,1,0,117067,0,2715,0,0,0
1379,21947,1,0,115262,0,2714,0,0,2
1380,21834,1,14448,0,0,2716,0,0,0
1381,21947,1,0,115896,0,2714,0,0,2
1382,21947,1,0,113736,0,2714,0,0,2
1383,21947,1,14063,0,0,2714,0,0,0
1384,21947,1,14448,0,0,2714,0,0,1
1385,21947,1,0,117066,0,2714,0,0,0
1386,21947,1,0,117060,0,2714,0,0,0
1387,21947,1,0,117062,0,2714,0,0,0
1388,21947,1,0,117064,0,2714,0,0,0
1389,21947,1,0,117065,0,2714,0,0,0
1390,21947,1,0,117067,0,2714,0,0,1
1391,22115,1,14482,0,0,2715,0,0,0
1392,21900,1,14477,0,0,2719,0,0,0
1393,21903,1,14478,0,0,2724,0,0,0
1394,22118,1,14481,0,0,2716,0,0,0
1399,21594,1,0,115595,0,2723,0,0,0
1400,21916,1,0,115615,0,2729,0,0,0
1401,21910,1,0,116429,0,2728,0,0,0
1402,21918,1,0,116065,0,2728,0,0,0
1403,21915,1,0,115716,0,2729,0,0,0
1406,21598,1,14035,0,1610,0,0,0,0
1408,22091,1,14498,0,0,2731,0,0,0
1409,22091,2,14498,0,0,2732,0,0,1
1410,22091,3,14498,0,0,2733,0,0,2
1411,22091,4,14498,0,0,2734,0,0,3
1412,22091,5,14498,0,0,2735,0,0,4
1413,22091,6,14498,0,0,2736,0,0,5
1414,22091,7,14498,0,0,2737,0,0,6
1417,21741,1,0,116315,0,2742,0,0,0
1418,21721,1,0,115456,0,2742,0,0,1
1419,21720,1,0,115456,1612,2741,0,0,2
1420,22027,1,0,115456,0,2743,0,0,3
1423,22093,1,0,115842,0,2742,0,0,0
1424,21926,1,0,116851,0,2743,0,0,0
1425,21763,1,0,116498,0,2743,0,0,0
1426,21855,1,0,116099,0,2745,0,0,0
1428,22244,1,0,115604,1614,0,0,0,0
1429,22244,1,0,115456,1614,0,0,0,0
1430,22203,1,0,113736,0,2713,0,0,0
1431,22203,2,0,113736,0,2713,0,0,1
1432,22203,1,0,115896,0,2713,0,0,0
1433,22203,2,0,115896,0,2713,0,0,1
1434,22203,1,0,115262,0,2713,0,0,0
1435,22203,2,0,115262,0,2713,0,0,1
1436,22203,1,0,116826,0,2713,0,0,0
1437,22203,2,0,116826,0,2713,0,0,1
1438,21947,1,0,116826,0,2714,0,0,2
1439,23073,2,13754,0,0,2772,0,0,0
1440,23530,1,13645,0,1618,0,0,0,0
1441,23246,1,13754,0,0,2773,0,0,1
1442,23073,3,13892,0,0,2772,0,0,0
1443,23246,1,13892,0,0,2773,0,0,1
1444,23348,1,13892,0,0,2771,0,0,2
1445,23073,3,13860,0,0,2772,0,0,0
1446,23246,1,13860,0,0,2773,0,0,1
1447,23348,1,13860,0,0,2771,0,0,2
1448,23530,1,13646,0,1618,0,0,0,0
1449,23167,1,0,119366,0,2780,0,0,0
1450,23251,1,0,119371,0,2780,0,0,0
1451,23245,1,0,119350,0,2781,0,0,0
1452,23163,1,0,119351,0,2781,0,0,0
1453,23126,1,0,119354,0,2782,0,0,0
1454,23152,1,0,119350,0,2782,0,0,1
1455,23135,1,0,119352,0,2783,0,0,0
1456,23155,1,0,119355,0,2784,0,0,0
1457,23159,1,0,119353,0,2785,0,0,0
1458,23348,1,13754,0,0,2771,0,0,2
1460,23654,1,13802,0,1624,0,0,0,1
1461,23762,1,13802,0,0,2797,0,0,0
1462,22902,1,0,119506,0,2804,0,0,0
1463,22904,1,14891,0,0,2804,0,0,0
1464,22906,1,14894,0,0,2802,0,0,0
1465,22914,1,14898,0,0,2802,0,0,0
1466,22912,1,0,118463,0,2805,0,0,0
1467,22909,1,0,117176,1623,0,0,0,0
1468,22909,1,0,120064,1623,0,0,0,0
1469,22910,1,0,119177,0,2804,0,0,0
1470,22913,1,14892,0,1622,0,0,0,0
1471,24568,1,14862,0,0,2815,0,0,0
1472,24568,1,0,119838,0,2815,0,0,0
1473,24633,1,0,119921,0,2831,0,0,0
1475,24125,1,0,119921,0,2832,0,0,1
1476,24337,1,0,119925,0,2833,0,0,0
1477,24407,1,0,119923,0,2834,0,0,0
1478,24431,1,0,119924,0,2838,0,0,0
1479,24356,1,0,119922,0,2839,0,0,0
1481,24718,1,0,119404,0,2840,0,0,0
1482,24559,1,0,120299,0,2842,0,0,0
1483,24559,1,14880,0,0,2842,0,0,0
1484,25035,1,0,119895,0,2843,0,0,0
1485,25035,1,15026,0,0,2843,0,0,0
1486,25036,1,15026,0,0,2844,0,0,1
1487,25036,1,0,119895,0,2844,0,0,1
1489,24465,1,0,120547,0,2855,0,0,0
1492,21305,5,15058,0,0,2859,0,0,0
1493,21305,10,15058,0,0,2860,0,0,1
1494,21305,6,15058,0,0,2859,0,0,2
1495,21305,7,15058,0,0,2859,0,0,3
1496,21305,8,15058,0,0,2859,0,0,4
1497,21305,9,15058,0,0,2859,0,0,5
1498,24836,1,0,120606,0,2881,0,0,0
1499,24836,1,0,120607,0,2881,0,0,0
1500,26971,1,0,120525,0,2882,0,0,0
1501,26971,1,0,120526,0,2882,0,0,0
1505,25307,1,15544,0,0,2888,0,0,0
1507,26973,1,0,124590,0,2883,0,0,0
1508,26973,2,0,124590,0,2883,0,0,1
1509,26973,3,0,124590,0,2884,0,0,2
1510,26973,4,0,124590,0,2885,0,0,3
1511,26973,5,0,124590,0,2885,0,0,4
1512,26218,1,14971,0,0,2891,0,0,3
1513,26218,1,0,118492,0,2891,0,0,2
1514,26218,0,0,118492,0,2888,0,0,4
1515,24912,1,14971,0,0,2892,0,0,0
1516,24912,1,0,118492,0,2892,0,0,0
1517,24912,1,0,120305,0,2892,0,0,0
1518,24912,1,0,120306,0,2892,0,0,0
1519,24912,1,0,118694,0,2892,0,0,0
1520,24912,1,0,120236,0,2892,0,0,0
1521,24912,1,0,119719,0,2892,0,0,0
1522,24912,1,0,118695,0,2892,0,0,0
1523,24912,1,0,118641,0,2892,0,0,0
1524,24912,1,0,120235,0,2892,0,0,0
1525,24912,1,0,120237,0,2892,0,0,0
1526,24912,1,0,120307,0,2892,0,0,0
1528,26218,1,0,118433,0,2891,0,0,1
1529,26218,0,0,118433,0,2888,0,0,2
1530,26218,1,0,116912,0,2891,0,0,1
1532,26218,1,0,117139,0,2891,0,0,1
1534,26218,1,0,117149,0,2891,0,0,1
1535,24914,1,14971,0,0,2893,0,0,1
1536,24914,1,0,117149,0,2893,0,0,0
1537,24914,1,0,120482,0,2893,0,0,0
1538,24914,1,0,120481,0,2893,0,0,0
1539,24914,1,15545,0,0,2893,0,0,0
1540,24914,1,0,116912,0,2893,0,0,0
1541,24914,1,0,117139,0,2893,0,0,0
1544,24914,1,0,118433,0,2893,0,0,0
1545,24916,1,14971,0,0,2894,0,0,2
1546,24916,1,0,118492,0,2894,0,0,1
1547,24916,1,15545,0,0,2894,0,0,1
1548,24916,1,0,120305,0,2894,0,0,1
1549,24916,1,0,118641,0,2894,0,0,1
1550,24916,1,0,118694,0,2894,0,0,1
1551,24916,1,0,118695,0,2894,0,0,1
1552,24916,1,0,119719,0,2894,0,0,1
1553,24916,1,0,120235,0,2894,0,0,1
1554,24916,1,0,120236,0,2894,0,0,1
1555,24916,1,0,120237,0,2894,0,0,1
1556,24916,1,0,120306,0,2894,0,0,1
1557,24916,1,0,120307,0,2894,0,0,1
1558,24916,1,15546,0,0,2894,0,0,0
1561,25629,1,15364,0,0,2899,0,0,0
1562,25630,1,0,121360,1636,2896,0,0,0
1564,25694,1,15365,0,0,2900,0,0,0
1565,25450,1,0,121651,0,2902,0,0,0
1566,25449,1,0,121651,0,2898,0,0,1
1567,25630,1,0,121729,1636,2896,0,0,0
1568,25630,1,0,121730,1636,2896,0,0,0
1569,25696,1,0,121730,0,2903,0,0,1
1570,25700,1,0,121468,0,2905,0,0,0
1571,25985,1,0,121470,0,2906,0,0,0
1572,25702,1,0,121472,0,2907,0,0,0
1573,24948,1,0,120527,0,2914,0,0,0
1574,24948,1,0,120484,0,2914,0,0,0
1575,24948,1,0,120486,0,2914,0,0,0
1576,24750,1,0,120490,0,2916,0,0,0
1577,24816,1,0,120495,0,2917,0,0,0
1578,24824,1,0,120486,0,2915,0,0,1
1579,24824,1,0,120526,0,2915,0,0,1
1580,24824,1,0,120527,0,2915,0,0,1
1581,24824,1,0,120484,0,2915,0,0,1
1583,24914,1,0,126599,0,2893,0,0,0
1584,24914,1,0,126607,0,2893,0,0,0
1585,24914,1,0,126620,0,2893,0,0,0
1586,24914,1,0,126647,0,2893,0,0,0
1587,24914,1,0,126644,0,2893,0,0,0
1588,24914,1,0,126641,0,2893,0,0,0
1589,24914,1,0,126633,0,2893,0,0,0
1590,24914,1,0,126638,0,2893,0,0,0
1591,24914,1,0,126650,0,2893,0,0,0
1592,24914,1,0,126653,0,2893,0,0,0
1593,24914,1,0,126656,0,2893,0,0,0
1594,24914,1,0,126659,0,2893,0,0,0
1595,24914,1,0,126662,0,2893,0,0,0
1596,24914,1,0,126665,0,2893,0,0,0
1597,24914,1,0,126668,0,2893,0,0,0
1598,24914,1,0,126671,0,2893,0,0,0
1599,26752,1,15000,0,0,2921,0,0,0
1600,26752,1,0,120606,0,2921,0,0,1
1601,26752,1,0,121130,0,2921,0,0,0
1602,26752,1,0,120319,0,2921,0,0,0
1603,26752,1,0,121462,0,2921,0,0,0
1604,26752,1,0,122293,0,2921,0,0,0
1605,26752,1,0,122462,0,2921,0,0,0
1606,26752,1,0,121120,0,2921,0,0,0
1607,26752,1,0,122611,0,2921,0,0,0
1608,26752,1,0,121332,0,2921,0,0,0
1609,26752,1,0,121445,0,2921,0,0,0
1610,26752,1,0,121760,0,2921,0,0,0
1611,26752,1,0,121677,0,2921,0,0,0
1614,26752,1,0,122479,0,2921,0,0,0
1615,24836,1,0,121130,0,2881,0,0,1
1616,24836,1,0,122264,0,2923,0,0,1
1617,24836,1,0,122267,0,2923,0,0,0
1619,26752,1,0,122264,0,2921,0,0,0
1620,24836,1,0,121332,0,3073,0,0,1
1621,24836,1,0,122479,0,2926,0,0,1
1622,24836,1,0,121445,0,2923,0,0,1
1624,24836,1,0,121677,0,2923,0,0,1
1625,24836,1,0,121760,0,2926,0,0,1
1626,26034,3,14917,0,0,2928,0,0,0
1627,24836,1,0,122462,0,2930,0,0,1
1628,24836,1,0,121120,0,2930,0,0,1
1629,26991,1,0,121120,0,2931,0,0,2
1630,26991,1,0,122462,0,2931,0,0,2
1631,26991,1,0,120606,0,2880,0,0,2
1632,26991,1,0,121130,0,2880,0,0,2
1633,26991,1,0,121332,0,3072,0,0,2
1634,26991,1,0,121445,0,2924,0,0,2
1635,26991,1,0,121760,0,2927,0,0,2
1636,26991,1,0,121677,0,2924,0,0,2
1637,26991,1,0,122264,0,2924,0,0,2
1638,26991,1,0,122479,0,2927,0,0,2
1639,24836,1,0,120319,0,2934,0,0,1
1640,26991,1,0,120319,0,2932,0,0,2
1641,24836,1,0,121462,0,2934,0,0,1
1642,26991,1,0,121462,0,2932,0,0,2
1643,24836,1,0,121713,0,2935,0,0,0
1644,26991,1,0,121713,0,2937,0,0,1
1645,25673,1,14979,0,0,2939,0,0,0
1646,25679,1,14979,0,0,2940,0,0,1
1649,25657,1,0,121322,0,2941,0,0,0
1650,25676,1,0,121322,0,2942,0,0,1
1651,26500,1,15112,0,0,2943,0,0,0
1652,26500,1,0,117386,0,2943,0,0,0
1653,26500,1,0,118241,0,2943,0,0,0
1654,26500,1,0,118530,0,2943,0,0,0
1655,26500,1,0,119331,0,2943,0,0,0
1656,26500,1,0,119492,0,2943,0,0,0
1657,25729,1,15154,0,0,2948,0,0,0
1659,25669,1,15093,0,0,2949,0,0,0
1660,25584,1,0,120450,0,2950,0,0,0
1661,25021,1,15460,0,0,2953,0,0,0
1662,24900,1,0,120091,0,2954,0,0,0
1663,24900,1,15460,0,0,2954,0,0,1
1664,25023,1,0,119421,0,2955,0,0,0
1665,25027,1,0,119919,0,2958,0,0,0
1666,25192,1,0,119919,0,2959,0,0,1
1667,25239,1,0,119919,0,2960,0,0,2
1668,25234,1,0,119919,0,2961,0,0,3
1669,25572,1,0,123131,0,2964,0,0,0
1670,25738,1,0,123131,0,2965,0,0,1
1671,25768,1,0,123131,0,2966,0,0,2
1672,25752,1,0,123131,0,2967,0,0,3
1674,25739,1,0,123137,0,2968,0,0,0
1675,25769,1,0,123135,0,2968,0,0,0
1676,25751,1,0,123133,0,2968,0,0,0
1677,24614,1,0,118755,0,2975,0,0,0
1678,25029,1,0,118755,0,2976,0,0,1
1679,24903,1,0,118755,0,2977,0,0,2
1681,24032,4,14850,0,0,3012,0,0,2
1682,24032,2,14850,0,0,3013,0,0,1
1683,24015,2,15037,0,0,3013,0,0,1
1684,24015,4,15037,0,0,3012,0,0,2
1685,24033,4,14851,0,0,3012,0,0,1
1686,24033,2,14851,0,0,3013,0,0,2
1687,24218,4,15094,0,0,3012,0,0,1
1688,24218,2,15094,0,0,3013,0,0,2
1689,24034,4,14852,0,0,3012,0,0,1
1690,24034,2,14852,0,0,3013,0,0,2
1691,24217,4,15024,0,0,3012,0,0,1
1692,24217,2,15024,0,0,3013,0,0,2
1693,24219,4,15025,0,0,3012,0,0,1
1694,24219,2,15025,0,0,3013,0,0,2
1695,24220,4,15106,0,0,3015,0,0,1
1696,24220,2,15106,0,0,3013,0,0,2
1697,25307,0,0,118492,0,2868,0,0,5
1698,26034,3,14922,0,0,2928,0,0,0
1699,26034,3,0,126406,0,2928,0,0,0
1700,26034,3,0,126403,0,2928,0,0,0
1701,26034,3,0,126400,0,2928,0,0,0
1702,26034,3,0,126368,0,2928,0,0,0
1703,26034,3,0,126397,0,2928,0,0,0
1704,26034,3,0,126394,0,2928,0,0,0
1705,26034,3,0,117143,0,2928,0,0,0
1706,26034,3,0,126338,0,2928,0,0,0
1707,26034,3,0,126383,0,2928,0,0,0
1708,26034,3,0,126371,0,2928,0,0,0
1709,26034,3,0,126361,0,2928,0,0,0
1710,26034,3,0,126380,0,2928,0,0,0
1711,26034,3,0,126374,0,2928,0,0,0
1712,26034,3,0,126417,0,2928,0,0,0
1713,26034,3,0,126377,0,2928,0,0,0
1714,26034,3,15107,0,0,3024,0,0,0
1715,26034,3,0,117141,0,3024,0,0,0
1716,26034,3,14838,0,1645,3025,0,0,0
1717,26034,3,15038,0,1645,3025,0,0,0
1718,26034,2,15038,0,1646,0,0,0,1
1719,26034,3,0,117133,1645,3025,0,0,0
1720,26034,2,0,117133,1646,3014,0,0,1
1721,26034,2,14838,0,1646,0,0,0,1
1722,26034,3,14925,0,1645,3027,0,0,0
1723,26034,2,14925,0,1646,0,0,0,1
1724,26034,3,15335,0,1645,3027,0,0,0
1725,26034,2,15335,0,1646,0,0,0,1
1726,26034,3,14921,0,1645,3028,0,0,0
1727,26034,2,14921,0,1646,0,0,0,1
1728,26034,3,0,126335,1645,3028,0,0,0
1729,26034,2,0,126335,1646,0,0,0,1
1730,26034,3,14930,0,1645,3029,0,0,0
1731,26034,2,14930,0,1646,0,0,0,1
1732,26034,3,0,118492,0,3029,0,0,3
1733,26034,3,15097,0,1645,3026,0,0,0
1734,26034,2,15097,0,1646,3022,0,0,1
1735,26034,3,15035,0,1645,3022,0,0,0
1736,26034,2,15035,0,1646,0,0,0,1
1737,26034,3,14926,0,1645,3022,0,0,0
1738,26034,2,14926,0,1646,0,0,0,1
1739,26034,3,14918,0,1645,3027,0,0,0
1740,26034,2,14918,0,1646,0,0,0,1
1741,26034,3,15337,0,1645,3027,0,0,0
1742,26034,2,15337,0,1646,0,0,0,1
1743,26034,3,15034,0,1645,3024,0,0,0
1744,26034,2,15034,0,1646,0,0,0,1
1745,26034,3,14916,0,1645,3024,0,0,0
1746,26034,2,14916,0,1646,0,0,0,1
1747,26034,3,14848,0,1645,2864,0,0,0
1748,26034,2,14848,0,1646,0,0,0,1
1749,26034,3,15176,0,1645,2864,0,0,0
1750,26034,2,15176,0,1646,0,0,0,1
1751,26034,3,15033,0,1645,2864,0,0,0
1752,26034,2,15033,0,1646,0,0,0,1
1753,26034,3,14928,0,1645,3019,0,0,0
1754,26034,2,14928,0,1646,0,0,0,1
1755,26034,3,14929,0,1645,3020,0,0,0
1756,26034,3,15036,0,1645,3022,0,0,0
1757,26034,2,15036,0,1646,0,0,0,1
1758,26034,3,14850,0,0,2869,0,0,0
1759,26034,3,15037,0,0,2869,0,0,0
1760,26034,3,15094,0,0,2869,0,0,0
1761,26034,3,14851,0,0,2869,0,0,0
1762,26034,3,14854,0,0,2869,0,0,0
1763,26034,3,14852,0,0,2869,0,0,0
1764,26034,3,15024,0,0,2869,0,0,0
1765,26034,3,15166,0,0,2869,0,0,0
1766,26034,3,15025,0,0,2869,0,0,0
1767,26034,3,15106,0,1645,3026,0,0,0
1768,26034,3,15326,0,1645,3074,0,0,0
1769,26034,3,0,117134,1645,3025,0,0,0
1770,26034,2,0,117134,1646,3014,0,0,1
1771,26218,0,14971,0,0,2888,0,0,4
1772,27030,0,0,123682,0,3010,0,0,0
1773,26034,3,0,121777,1645,3025,0,0,0
1774,26034,2,15326,0,1646,3074,0,0,1
1775,26034,3,15179,0,0,3022,0,0,0
1776,26034,3,14919,0,0,3074,0,0,0
1777,26034,3,15032,0,0,3074,0,0,0
1778,26034,2,0,121777,1646,0,0,0,1
1779,12169,1,2300,0,0,3078,0,0,0
1780,26973,3,0,127097,0,3083,0,0,0
1781,26973,0,0,127097,0,3083,0,0,1
1782,26977,2,0,126118,0,3086,0,0,0
1783,26975,2,0,126114,0,3088,0,0,0
1784,26976,2,0,126108,0,3087,0,0,0
1785,26701,1,0,128185,0,3094,0,0,0
1786,26701,0,0,128185,0,3090,0,0,1
1787,26703,1,0,128191,0,3093,0,0,0
1788,26703,0,0,128191,0,3097,0,0,1
1791,26697,1,15647,0,0,3106,0,0,0
1792,24836,1,0,126891,0,3119,0,0,0
1793,24224,1,0,126891,0,3120,0,0,1
1794,24836,1,15836,0,0,3102,0,0,0
1795,26796,1,15452,0,0,3122,0,0,0
1796,26794,1,15452,0,0,3123,0,0,1
1797,26960,1,15452,0,0,3124,0,0,2
1798,26962,1,0,124658,0,3126,0,0,0
1801,27618,1,0,127215,0,3325,0,0,0
1802,3602,0,15332,0,0,3127,0,0,0
1803,3602,1,15332,0,0,3128,0,0,1
1804,27747,1,15991,0,0,3130,0,0,0
1805,26752,2,0,120319,0,3209,0,0,4
1806,26752,2,0,121462,0,3209,0,0,3
1807,26752,2,0,122462,0,3209,0,0,3
1808,26752,2,0,121120,0,3209,0,0,3
1809,26752,2,0,120606,0,3209,0,0,3
1810,26752,2,0,121130,0,3209,0,0,3
1811,26752,2,0,121332,0,3209,0,0,3
1812,26752,2,0,121445,0,3209,0,0,3
1813,26752,2,0,121760,0,3209,0,0,3
1814,26752,2,0,121677,0,3209,0,0,3
1815,26752,2,0,122264,0,3209,0,0,3
1816,26752,2,0,122479,0,3209,0,0,3
1817,26752,2,0,126891,0,3209,0,0,2
1818,26752,1,0,126891,0,2921,0,0,3
1819,26752,1,15836,0,0,2921,0,0,1
1820,26752,2,15836,0,0,3131,0,0,2
1821,26691,1,15522,0,0,3136,0,0,0
1822,26693,1,15652,0,0,3137,0,0,0
1823,26695,1,15654,0,0,3139,0,0,0
1824,28226,1,15522,0,0,3142,0,0,1
1825,26699,1,0,124714,0,3138,0,0,0
1826,28229,0,0,128222,0,3091,0,0,0
1827,28229,1,0,128222,0,3092,0,0,1
1828,28229,2,0,128222,0,3150,0,0,2
1829,26705,0,0,128222,0,3091,0,0,3
1830,3602,0,0,123538,0,3127,0,0,0
1831,3602,1,0,123538,0,3128,0,0,1
1832,3602,0,0,124056,0,3127,0,0,0
1833,3602,1,0,124056,0,3128,0,0,1
1834,3602,0,0,126901,0,3127,0,0,0
1835,3602,1,0,126901,0,3128,0,0,1
1836,28253,1,0,120319,0,2276,0,0,3
1852,28579,1,16092,0,0,3168,0,0,0
1853,28578,1,16092,0,0,3169,0,0,1
1854,29042,1,0,133706,0,2745,0,0,0
1855,29299,1,0,129197,0,0,3095,0,0
1856,29589,0,0,128010,0,3182,0,0,2
1857,29589,1,0,128010,0,3183,0,0,1
1858,29589,3,16339,0,0,3184,0,0,0
1859,29589,2,0,128010,0,3186,0,0,0
1860,29589,3,0,130789,0,3184,0,0,0
1861,29589,5,0,130789,0,3185,0,0,2
1862,29589,4,0,130789,0,3187,0,0,1
1863,29589,6,0,130789,0,3188,0,0,3
1865,29589,2,0,130789,0,3186,0,0,4
1866,27868,1,0,128401,0,3196,0,0,0
1867,27870,1,0,128395,0,3198,0,0,0
1868,27872,1,0,128404,0,3201,0,0,0
1869,27874,1,0,128402,0,3202,0,0,0
1870,27876,1,16571,0,0,3204,0,0,0
1871,27806,1,16572,0,0,3205,0,0,0
1872,27878,1,0,132372,0,3207,0,0,0
1873,29224,1,0,130994,0,3209,0,0,0
1874,24836,1,0,130922,0,3211,0,0,0
1875,26752,2,0,130922,0,3209,0,0,1
1876,26752,1,0,130922,0,2921,0,0,2
1877,27679,1,16420,0,0,3217,0,0,0
1878,27682,1,16421,0,0,3218,0,0,0
1879,27684,1,16569,0,0,3220,0,0,0
1880,27685,1,16569,0,0,3223,0,0,1
1881,29589,7,0,130789,0,3226,0,0,5
1882,24836,1,0,122293,0,2930,0,0,1
1883,26752,2,0,122293,0,3209,0,0,2
1884,24836,1,0,122611,0,2930,0,0,1
1885,26752,2,0,122611,0,3209,0,0,2
1888,29079,1,16531,0,0,3264,0,0,0
1889,29079,1,16875,0,0,3264,0,0,2
1890,29079,1,0,129620,0,3264,0,0,0
1898,29643,1,16875,0,0,3265,0,0,0
1899,29643,2,16875,0,0,3266,0,0,1
1900,28394,1,16388,0,0,3269,0,0,0
1901,30000,1,0,132294,0,3273,0,0,0
1902,30000,2,0,132294,0,3276,0,0,1
1903,30000,3,0,132294,0,3274,0,0,2
1904,30000,4,0,132294,0,3277,0,0,3
1905,30000,5,0,132294,0,3275,0,0,4
1906,30000,1,0,132292,0,3273,0,0,0
1907,30000,2,0,132292,0,3276,0,0,1
1908,30000,3,0,132292,0,3274,0,0,2
1909,30000,4,0,132292,0,3277,0,0,3
1910,30000,5,0,132292,0,3275,0,0,4
1911,30000,1,0,132293,0,3273,0,0,0
1912,30000,2,0,132293,0,3276,0,0,1
1913,30000,3,0,132293,0,3274,0,0,2
1914,30000,4,0,132293,0,3277,0,0,3
1915,30000,5,0,132293,0,3275,0,0,4
1916,30000,1,0,133849,0,3273,0,0,0
1917,30000,2,0,133849,0,3276,0,0,1
1918,30000,3,0,133849,0,3274,0,0,2
1919,30000,4,0,133849,0,3277,0,0,3
1920,30000,5,0,133849,0,3275,0,0,4
1922,28304,1,16829,0,0,3294,0,0,0
1923,28655,0,16829,0,0,3292,0,0,1
1925,28305,1,16829,0,0,3296,0,0,2
1926,28306,1,16826,0,0,3299,0,0,0
1927,28310,1,16827,0,0,3301,0,0,0
1928,28308,1,16340,0,0,3303,0,0,0
1929,28312,1,16340,0,0,3304,0,0,1
1930,28396,1,16390,0,0,3312,0,0,0
1931,28398,1,16641,0,0,3314,0,0,0
1932,28500,1,16395,0,0,3317,0,0,0
1933,28504,1,16664,0,0,3318,0,0,0
1936,27554,1,16091,0,0,3323,0,0,0
1937,27555,1,0,127218,0,3326,0,0,0
1938,27586,1,16179,0,0,3328,0,0,0
1939,27620,1,16180,0,0,3329,0,0,0
1940,27619,1,16179,0,0,3327,0,0,1
1941,27619,1,16180,0,0,3327,0,0,1
1942,24836,1,0,134080,0,3342,0,0,0
1944,24836,1,0,134176,0,3367,0,0,0
1945,27133,1,15829,0,0,3373,0,0,0
1946,27134,1,0,127229,0,3375,0,0,0
1947,30957,1,0,127222,1677,3376,0,0,0
1949,29178,1,15829,0,1677,3376,0,0,1
1950,27135,1,15829,0,0,3377,0,0,2
1951,27136,1,15829,0,0,3378,0,0,3
1952,29210,1,0,136590,0,3392,0,0,0
1953,29211,1,0,136593,0,3393,0,0,0
1954,29212,1,0,136589,0,3394,0,0,0
1955,29209,1,0,136589,0,3395,0,0,1
1956,30895,1,16829,0,0,3295,0,0,3
1957,24836,1,0,135053,0,3403,0,0,0
1958,30218,1,16311,0,0,3405,0,0,0
1962,30218,8,16311,0,0,3406,0,0,1
1963,30218,6,16311,0,0,3514,0,0,2
1964,30218,9,16311,0,0,3514,0,0,3
1965,28254,1,16342,0,0,3408,0,0,0
1970,30924,1,0,135209,0,3409,0,0,0
1971,30924,2,0,135209,0,3410,0,0,1
1972,30924,3,0,135209,0,3410,0,0,2
1973,30924,4,0,135209,0,3412,0,0,3
1974,30924,5,0,135209,0,3413,0,0,4
1975,28302,0,0,135209,0,3407,0,0,5
1977,28303,1,0,135209,0,3414,0,0,6
1978,28303,1,16342,0,0,3414,0,0,1
1979,28368,1,16800,0,0,3421,0,0,0
1980,28366,1,16799,0,0,3420,0,0,0
1981,28370,1,16801,0,0,3422,0,0,0
1982,28372,1,16802,0,0,3423,0,0,0
1984,28638,1,16425,0,0,3429,0,0,0
1985,28641,1,16425,0,0,3430,0,0,1
1986,28642,1,16425,0,0,3427,0,0,2
1987,28643,1,16425,0,0,3431,0,0,3
1988,27091,1,0,128041,0,3434,0,0,0
1989,27094,1,0,127260,0,3437,0,0,0
1990,27097,1,0,127268,0,3438,0,0,0
1991,27099,1,15808,0,0,3440,0,0,0
1993,7852,0,16489,0,0,3442,0,0,0
1994,7852,0,16488,0,0,3442,0,0,0
1995,28695,1,16485,0,0,3449,0,0,0
1996,28695,10,16485,0,0,3450,0,0,1
1997,28695,15,16485,0,0,3450,0,0,2
1998,28695,20,16485,0,0,3451,0,0,3
1999,28695,25,16485,0,0,3451,0,0,4
2000,28695,30,16485,0,0,3453,0,0,5
2001,28695,1,0,128889,0,3449,0,0,0
2002,28695,10,0,128889,0,3450,0,0,1
2003,28695,15,0,128889,0,3449,0,0,2
2004,28695,20,0,128889,0,3451,0,0,3
2005,28695,25,0,128889,0,3449,0,0,4
2006,28695,30,0,128889,0,3453,0,0,5
2007,28695,1,0,128888,0,3449,0,0,0
2008,28695,10,0,128888,0,3450,0,0,1
2009,28695,15,0,128888,0,3449,0,0,2
2010,28695,20,0,128888,0,3451,0,0,3
2011,28695,25,0,128888,0,3449,0,0,4
2012,28695,30,0,128888,0,3453,0,0,5
2013,28695,3,16485,0,0,3452,0,0,6
2019,28551,1,16048,0,0,3466,0,0,0
2020,28766,1,16173,0,0,3467,0,0,0
2021,28762,1,16059,0,0,3468,0,0,0
2022,24836,1,16545,0,0,3474,0,0,0
2023,24836,1,0,132621,0,3474,0,0,0
2024,24836,1,0,123064,0,3474,0,0,0
2025,26345,1,16545,0,0,3475,0,0,2
2026,26345,1,0,123064,0,3475,0,0,2
2027,26345,2,16545,0,0,3476,0,0,3
2028,26345,2,0,123064,0,3476,0,0,3
2029,26345,1,0,123085,0,3475,0,0,2
2030,26345,2,0,123085,0,3476,0,0,3
2031,24836,1,0,123085,0,3474,0,0,0
2035,24836,1,16556,0,0,3479,0,0,0
2036,24836,1,16548,0,0,3481,0,0,0
2037,26345,1,0,134176,0,3482,0,0,2
2038,24836,1,0,134133,0,3486,0,0,0
2039,26345,3,0,134133,0,3487,0,0,2
2040,24836,1,16549,0,0,3489,0,0,0
2041,29824,1,0,134201,0,3491,0,0,0
2042,27100,1,15808,0,1681,3492,0,0,1
2043,26752,1,16549,0,0,3493,0,0,1
2045,26752,1,16542,0,0,3493,0,0,0
2046,26752,1,0,136386,0,3493,0,0,0
2047,26752,1,0,133476,0,3493,0,0,0
2048,24836,1,16542,0,0,3495,0,0,1
2051,26345,3,0,133404,0,3498,0,0,0
2052,26345,3,0,133401,0,3498,0,0,0
2053,26345,3,0,133402,0,3498,0,0,0
2054,26345,3,0,133403,0,3498,0,0,0
2055,26345,3,0,133405,0,3498,0,0,0
2056,26345,3,0,133406,0,3498,0,0,0
2057,26345,3,0,133407,0,3498,0,0,0
2058,26345,3,0,133408,0,3498,0,0,0
2059,24836,1,0,133408,0,3497,0,0,1
2060,26345,3,0,135052,0,3498,0,0,0
2062,29717,1,16588,0,0,3499,0,0,0
2063,29717,1,0,135025,0,3499,0,0,0
2064,29717,1,0,135027,0,3499,0,0,0
2065,29717,1,0,135140,0,3499,0,0,0
2069,29244,1,16588,0,0,3500,0,0,1
2070,29244,1,0,135025,0,3500,0,0,1
2071,29244,1,0,135027,0,3500,0,0,1
2072,29244,1,0,135140,0,3500,0,0,1
2073,29590,1,16588,0,0,3501,0,0,2
2074,29590,1,0,135025,0,3501,0,0,2
2075,29590,1,0,135027,0,3501,0,0,2
2076,29590,1,0,135140,0,3501,0,0,2
2077,29473,1,16588,0,0,3502,0,0,3
2078,29473,1,0,135140,0,3502,0,0,3
2079,29473,1,0,135027,0,3502,0,0,3
2080,29473,1,0,135025,0,3502,0,0,3
2081,29839,1,16588,0,0,3503,0,0,4
2082,29839,1,0,135025,0,3503,0,0,4
2083,29839,1,0,135027,0,3503,0,0,4
2084,29839,1,0,135140,0,3503,0,0,4
2085,29795,1,16588,0,0,3504,0,0,5
2086,29795,1,0,135025,0,3504,0,0,5
2087,29795,1,0,135027,0,3504,0,0,5
2088,29795,1,0,135140,0,3504,0,0,5
2089,29590,1,16589,0,0,3501,0,0,0
2090,29473,1,16589,0,0,3502,0,0,1
2091,29244,1,16589,0,0,3500,0,0,2
2092,29717,1,16589,0,0,3499,0,0,3
2093,29795,1,16589,0,0,3504,0,0,4
2094,29839,1,16589,0,0,3503,0,0,5
2095,29590,1,0,132057,0,3501,0,0,0
2096,29473,1,0,132057,0,3502,0,0,1
2097,29244,1,0,132057,0,3500,0,0,2
2098,29795,1,0,132057,0,3504,0,0,3
2099,29717,1,0,132057,0,3499,0,0,4
2100,29839,1,0,132057,0,3503,0,0,5
2101,30218,7,16311,0,0,3513,0,0,4
2102,30894,1,16664,0,0,3319,0,0,1
2103,30894,2,16664,0,0,3320,0,0,2
2104,28505,0,16664,0,0,3316,0,0,3
2105,26752,1,0,134080,0,3493,0,0,1
2106,26752,1,16545,0,0,3493,0,0,1
2107,26752,1,0,132621,0,3493,0,0,1
2108,26752,1,0,123064,0,3493,0,0,1
2109,26752,1,0,123085,0,3493,0,0,1
2110,26752,1,0,135053,0,3493,0,0,1
2111,26752,1,0,135052,0,3493,0,0,1
2112,26752,1,0,133404,0,3493,0,0,1
2113,26752,1,0,133403,0,3493,0,0,1
2114,26752,1,0,133405,0,3493,0,0,1
2115,26752,1,0,133401,0,3493,0,0,1
2116,26752,1,0,133406,0,3493,0,0,1
2117,26752,1,0,133408,0,3493,0,0,2
2118,26752,1,0,133402,0,3493,0,0,1
2119,26752,1,0,133407,0,3493,0,0,1
2120,26752,1,0,135170,0,3493,0,0,0
2121,26752,1,0,135169,0,3493,0,0,0
2122,26752,1,0,135167,0,3493,0,0,0
2123,26752,1,0,135171,0,3493,0,0,0
2124,26752,1,0,135168,0,3493,0,0,0
2125,26752,1,0,135172,0,3493,0,0,0
2126,26752,1,0,132557,0,3493,0,0,0
2127,26752,1,16556,0,0,3493,0,0,1
2128,26752,1,0,131907,0,3493,0,0,0
2129,26752,1,0,131904,0,3493,0,0,0
2130,26752,1,16548,0,0,3493,0,0,1
2131,26752,1,0,134176,0,3493,0,0,1
2132,26752,1,0,134133,0,3493,0,0,1
2133,26752,1,0,130359,0,3493,0,0,0
2134,30218,4,16311,0,0,3519,0,0,5
2135,30218,5,16311,0,0,3519,0,0,6
2136,30218,3,16311,0,0,3520,0,0,7
2137,31369,1,16766,0,0,3526,0,0,0
2138,31369,1,16940,0,0,3527,0,0,0
2139,32057,1,16298,0,0,3540,0,0,0
2142,30671,1,0,137166,0,3582,0,0,0
2143,30482,1,0,135781,0,3584,0,0,0
2144,30600,1,0,135782,0,3585,0,0,0
2145,31018,1,0,135775,0,3586,0,0,0
2146,31018,1,0,142323,0,3586,0,0,0
2147,31018,1,0,142324,0,3586,0,0,0
2148,30349,1,0,135772,0,3587,0,0,0
2150,30350,1,0,135929,0,3588,0,0,0
2151,32443,1,0,135940,0,3590,0,0,0
2152,32443,2,0,135940,0,3591,0,0,1
2153,32443,3,0,135940,0,3592,0,0,2
2154,29894,1,16671,0,0,3595,0,0,0
2155,24836,1,16981,0,0,3598,0,0,0
2156,26345,4,16545,0,0,3599,0,0,4
2157,26345,4,0,132624,0,3599,0,0,0
2158,26345,4,0,132622,0,3599,0,0,0
2159,26345,4,0,132627,0,3599,0,0,0
2160,26345,4,0,132623,0,3599,0,0,0
2161,26345,4,0,132625,0,3599,0,0,0
2162,26345,4,0,132628,0,3599,0,0,0
2163,31866,1,17702,0,0,3594,0,0,0
2164,31866,2,17702,0,0,3600,0,0,1
2165,31866,3,17702,0,0,3619,0,0,2
2167,26345,4,0,134080,0,3603,0,0,2
2168,26345,4,16542,0,0,3604,0,0,2
2169,26345,4,0,133476,0,3604,0,0,1
2170,26345,4,0,136386,0,3604,0,0,1
2171,26345,4,0,135053,0,3605,0,0,2
2172,24836,1,0,133400,0,3497,0,0,0
2173,26752,1,0,133400,0,3493,0,0,1
2174,26345,4,0,133400,0,3606,0,0,2
2175,26345,3,0,133400,0,3498,0,0,3
2176,26345,4,16556,0,0,3607,0,0,2
2177,26345,4,16548,0,0,3608,0,0,2
2178,26345,4,0,134600,0,3609,0,0,0
2179,26345,4,0,120563,0,3609,0,0,0
2180,26345,4,0,119634,0,3609,0,0,0
2181,31162,1,0,135539,0,3611,0,0,0
2182,30617,1,17710,0,0,3615,0,0,0
2183,30623,1,0,135418,0,3616,0,0,0
2184,30623,1,17714,0,0,3616,0,0,0
2185,30625,1,0,135411,0,3618,0,0,0
2193,31866,4,17702,0,0,3602,0,0,3
2194,31866,5,17702,0,0,3601,0,0,4
2195,30670,1,0,135940,0,3620,0,0,3
2196,24836,1,16980,0,0,3622,0,0,0
2197,26752,1,16980,0,0,3493,0,0,1
2198,30624,0,0,135411,0,3614,0,0,1
2199,31284,2,17023,0,0,3636,0,0,0
2200,31284,1,17023,0,0,3637,0,0,1
2201,31284,3,17023,0,0,3638,0,0,2
2202,32289,0,0,135775,0,3640,0,0,1
2203,30829,1,16589,0,0,3643,0,0,6
2204,30794,1,16589,0,0,3644,0,0,7
2205,30828,1,16589,0,0,3645,0,0,8
2206,30709,1,16589,0,0,3646,0,0,9
2207,30829,1,16588,0,0,3643,0,0,6
2208,30794,1,16588,0,0,3644,0,0,7
2209,30828,1,16588,0,0,3645,0,0,8
2210,30709,1,16588,0,0,3646,0,0,9
